Scores: [1.0, 1.0, 1.0, 1.0, 1.0, 1.0, 0.92, 1.0, 1.0, 1.0]
Times: [47.55185413360596, 48.26963806152344, 48.41213870048523, 48.540996074676514, 48.51286220550537, 49.35316514968872, 49.2550003528595, 49.13232898712158, 48.892234325408936, 49.01341223716736]
Average Training Time: 48.69336302280426